10

1, 0, 3, 0, 5, 0, 7, 0, 9, 10
2, 3, 0, 0, 0, 0, 0, 0, 0, 1
3, 0, 5, 0, 7, 0, 9, 0, 1, 2
4, 0, 0, 7, 0, 0, 0, 0, 0, 3
5, 0, 7, 0, 9, 0, 1, 0, 3, 4
6, 0, 0, 0, 0, 1, 0, 0, 0, 5
7, 0, 9, 0, 1, 0, 3, 0, 5, 6
8, 0, 0, 0, 0, 0, 0, 5, 0, 7
9, 0, 1, 0, 3, 0, 5, 0, 7, 8
10, 0, 0, 0, 0, 0, 0, 0, 0, 9

1, 1, 1, 1, 1, 1, 1, 1, 1
1, 1, 1, 1, 1, 1, 1, 1, -1
1, 1, 1, 1, 1, 1, 1, -1, 1
1, 1, 1, 1, 1, 1, -1, 1, 1
1, 1, 1, 1, 1, -1, 1, 1, 1
1, 1, 1, 1, -1, 1, 1, 1, 1
1, 1, 1, -1, 1, 1, 1, 1, 1
1, 1, -1, 1, 1, 1, 1, 1, 1
1, -1, 1, 1, 1, 1, 1, 1, 1
-1, 1, 1, 1, 1, 1, 1, 1, 1

1, 1, 1, 1, 1, 1, 1, 1, 1, -1
1, 1, 1, 1, 1, 1, 1, 1, -1, 1
1, 1, 1, 1, 1, 1, 1, -1, 1, 1
1, 1, 1, 1, 1, 1, -1, 1, 1, 1
1, 1, 1, 1, 1, -1, 1, 1, 1, 1
1, 1, 1, 1, -1, 1, 1, 1, 1, 1
1, 1, 1, -1, 1, 1, 1, 1, 1, 1
1, 1, -1, 1, 1, 1, 1, 1, 1, 1
1, -1, 1, 1, 1, 1, 1, 1, 1, 1
