15

1, 0, 3, 0, 5, 0, 7, 0, 9, 0, 11, 0, 13, 0, 15
2, 3, 0, 0, 0, 0, 0, 0, 0, 0, 0, 0, 0, 0, 1
3, 0, 5, 0, 7, 0, 9, 0, 11, 0, 13, 0, 15, 0, 2
4, 0, 0, 7, 0, 0, 0, 0, 0, 0, 0, 0, 0, 0, 3
5, 0, 7, 0, 9, 0, 11, 0, 13, 0, 15, 0, 2, 0, 4
6, 0, 0, 0, 0, 11, 0, 0, 0, 0, 0, 0, 0, 0, 5
7, 0, 9, 0, 11, 0, 13, 0, 15, 0, 2, 0, 4, 0, 6
8, 0, 0, 0, 0, 0, 0, 15, 0, 0, 0, 0, 0, 0, 7
9, 0, 11, 0, 13, 0, 15, 0, 2, 0, 4, 0, 6, 0, 8
10, 0, 0, 0, 0, 0, 0, 0, 0, 4, 0, 0, 0, 0, 9
11, 0, 13, 0, 15, 0, 2, 0, 4, 0, 6, 0, 8, 0, 10
12, 0, 0, 0, 0, 0, 0, 0, 0, 0, 0, 8, 0, 0, 11
13, 0, 15, 0, 2, 0, 4, 0, 6, 0, 8, 0, 10, 0, 12
14, 0, 0, 0, 0, 0, 0, 0, 0, 0, 0, 0, 0, 12, 13
15, 0, 2, 0, 4, 0, 6, 0, 8, 0, 10, 0, 12, 0, 14

1, 1, 1, 1, 1, 1, 1, 1, 1, 1, 1, 1, 1, 1
1, 1, 1, 1, 1, 1, 1, 1, 1, 1, 1, 1, 1, -1
1, 1, 1, 1, 1, 1, 1, 1, 1, 1, 1, 1, -1, 1
1, 1, 1, 1, 1, 1, 1, 1, 1, 1, 1, -1, 1, 1
1, 1, 1, 1, 1, 1, 1, 1, 1, 1, -1, 1, 1, 1
1, 1, 1, 1, 1, 1, 1, 1, 1, -1, 1, 1, 1, 1
1, 1, 1, 1, 1, 1, 1, 1, -1, 1, 1, 1, 1, 1
1, 1, 1, 1, 1, 1, 1, -1, 1, 1, 1, 1, 1, 1
1, 1, 1, 1, 1, 1, -1, 1, 1, 1, 1, 1, 1, 1
1, 1, 1, 1, 1, -1, 1, 1, 1, 1, 1, 1, 1, 1
1, 1, 1, 1, -1, 1, 1, 1, 1, 1, 1, 1, 1, 1
1, 1, 1, -1, 1, 1, 1, 1, 1, 1, 1, 1, 1, 1
1, 1, -1, 1, 1, 1, 1, 1, 1, 1, 1, 1, 1, 1
1, -1, 1, 1, 1, 1, 1, 1, 1, 1, 1, 1, 1, 1
-1, 1, 1, 1, 1, 1, 1, 1, 1, 1, 1, 1, 1, 1

1, 1, 1, 1, 1, 1, 1, 1, 1, 1, 1, 1, 1, 1, -1
1, 1, 1, 1, 1, 1, 1, 1, 1, 1, 1, 1, 1, -1, 1
1, 1, 1, 1, 1, 1, 1, 1, 1, 1, 1, 1, -1, 1, 1
1, 1, 1, 1, 1, 1, 1, 1, 1, 1, 1, -1, 1, 1, 1
1, 1, 1, 1, 1, 1, 1, 1, 1, 1, -1, 1, 1, 1, 1
1, 1, 1, 1, 1, 1, 1, 1, 1, -1, 1, 1, 1, 1, 1
1, 1, 1, 1, 1, 1, 1, 1, -1, 1, 1, 1, 1, 1, 1
1, 1, 1, 1, 1, 1, 1, -1, 1, 1, 1, 1, 1, 1, 1
1, 1, 1, 1, 1, 1, -1, 1, 1, 1, 1, 1, 1, 1, 1
1, 1, 1, 1, 1, -1, 1, 1, 1, 1, 1, 1, 1, 1, 1
1, 1, 1, 1, -1, 1, 1, 1, 1, 1, 1, 1, 1, 1, 1
1, 1, 1, -1, 1, 1, 1, 1, 1, 1, 1, 1, 1, 1, 1
1, 1, -1, 1, 1, 1, 1, 1, 1, 1, 1, 1, 1, 1, 1
1, -1, 1, 1, 1, 1, 1, 1, 1, 1, 1, 1, 1, 1, 1
