8
0, 5, 3, 0, 0, 0, 1, 0
6, 0, 0, 0, 0, 0, 0, 1
0, 0, 0, 1, 0, 0, 0, 3
3, 0, 6, 5, 0, 4, 7, 0
4, 0, 0, 2, 3, 1, 6, 8
0, 4, 0, 7, 0, 3, 8, 0
1, 0, 0, 0, 0, 0, 0, 0
0, 0, 0, 0, 4, 0, 0, 6
0, 0, -1, 0, 1, 0, 0
0, 0, -1, 0, -1, 1, 0
0, 1, 0, 1, 0, 0, 0
0, 0, 0, 0, 1, 0, 0
1, 0, 0, 0, 0, 1, 0
0, 1, 0, 0, 1, 0, 0
0, 0, 1, 1, 0, 0, 1
0, -1, 0, 0, 0, 0, 0
0, 1, 0, 0, 0, 1, 0, 0
-1, 0, 0, 0, -1, 1, 0, -1
0, 0, 0, 0, 0, 0, 0, 0
-1, 0, 0, 1, 0, 1, 0, 0
0, 0, 0, 0, -1, 0, -1, 0
0, 0, 0, 0, 0, 0, 0, 1
-1, 1, -1, 0, 0, -1, 0, 0